%YAML:1.0
CM1: !!opencv-matrix
   rows: 3
   cols: 3
   dt: d
   data: [ 3.5545798829537016e+03, 0., 1.4275495342361069e+03, 0.,
       3.6265654458376580e+03, 5.7609413626925539e+02, 0., 0., 1. ]
CM2: !!opencv-matrix
   rows: 3
   cols: 3
   dt: d
   data: [ 3.5545798829537016e+03, 0., 1.3348211690090566e+03, 0.,
       3.6265654458376580e+03, 6.1706716147685415e+02, 0., 0., 1. ]
D1: !!opencv-matrix
   rows: 1
   cols: 5
   dt: d
   data: [ -1.4481097205763008e-01, 3.2351280313097730e+00, 0., 0.,
       -2.0765903438956972e+01 ]
D2: !!opencv-matrix
   rows: 1
   cols: 5
   dt: d
   data: [ 5.9458531149619931e-01, -1.0181612803575415e+01, 0., 0.,
       6.8837765796566075e+01 ]
R: !!opencv-matrix
   rows: 3
   cols: 3
   dt: d
   data: [ 9.9938632457419463e-01, 7.5911035153877282e-04,
       3.5019965813183986e-02, -4.1796035140922051e-04,
       9.9995240095762550e-01, -9.7478781396139139e-03,
       -3.5025698611548604e-02, 9.7272591491282690e-03,
       9.9933907202021210e-01 ]
T: !!opencv-matrix
   rows: 3
   cols: 1
   dt: d
   data: [ -1.2188125730488110e-01, -2.8410721521900197e-02,
       5.6502201622835424e-02 ]
E: !!opencv-matrix
   rows: 3
   cols: 3
   dt: d
   data: [ 1.0187210494083888e-03, -5.6775870623003363e-02,
       -2.7841167505081116e-02, 5.2198551425438222e-02,
       1.2284619813627865e-03, 1.2377940774091790e-01,
       2.8444228093406153e-02, -1.2185388900094803e-01,
       2.1830261401357444e-03 ]
F: !!opencv-matrix
   rows: 3
   cols: 3
   dt: d
   data: [ -6.5628183099837912e-07, 3.5850206634091779e-05,
       4.4038277913883976e-02, -3.2959932345696816e-05,
       -7.6029536074446716e-07, -2.3033072284283884e-01,
       -4.3920956405055604e-02, 2.2611440690571830e-01, 1. ]
R1: !!opencv-matrix
   rows: 3
   cols: 3
   dt: d
   data: [ 9.0140127000892400e-01, 2.0356696775606467e-01,
       -3.8214688284074755e-01, -2.0616703763655569e-01,
       9.7790420659778055e-01, 3.4619579872262704e-02,
       3.8075044716778167e-01, 4.7579957513287863e-02,
       9.2345289247723295e-01 ]
R2: !!opencv-matrix
   rows: 3
   cols: 3
   dt: d
   data: [ 8.8761986122048664e-01, 2.0690564941713180e-01,
       -4.1148637183532449e-01, -2.0408580428231188e-01,
       9.7760636149567282e-01, 5.1330170987770207e-02,
       4.1289219713790404e-01, 3.8416847898634213e-02,
       9.0996932879090342e-01 ]
P1: !!opencv-matrix
   rows: 3
   cols: 4
   dt: d
   data: [ 3.5781216292502704e+03, 0., 3.2340515670776367e+03, 0., 0.,
       3.5781216292502704e+03, 2.9512540054321289e+02, 0., 0., 0., 1.,
       0. ]
P2: !!opencv-matrix
   rows: 3
   cols: 4
   dt: d
   data: [ 3.5781216292502704e+03, 0., 3.2340515670776367e+03,
       -4.9132064526267158e+02, 0., 3.5781216292502704e+03,
       2.9512540054321289e+02, 0., 0., 0., 1., 0. ]
Q: !!opencv-matrix
   rows: 4
   cols: 4
   dt: d
   data: [ 1., 0., 0., -3.2340515670776367e+03, 0., 1., 0.,
       -2.9512540054321289e+02, 0., 0., 0., 3.5781216292502704e+03, 0.,
       0., 7.2826608524405128e+00, 0. ]
